357
52845360
148846
115205
312033
1860718
1784263
816583
1150986
5478362
2377705
2880836
2495994
5966309
7281748
1884099
2752661
2869272
3257194
2065253
2753208
324951
115009
73368
93844
332612
450492
219861
45092
191167
227306
109684
128989
414554
173696
258353
459157
8130999
218140
518718
472292
200163
232393
1485742
716298
1154424
501243
172891
953518
340562
454413
149457
665498
682009
383593
1469201
72
301768
736283
601000
794345
77532
285948
666342
47227
163191
285337
328354
215375
1619654
63908
495573
135
44218
252
271845
79
935355
17299
